Oscilloscope data. 
Time step = 10,00 uS
Voltage step = 31,25 mV
Zero level = 129

N 	Smpl.	Trig

0	181	0
1	190	0
2	193	0
3	188	0
4	177	0
5	160	0
6	140	0
7	119	0
8	99	0
9	83	0
10	72	0
11	67	0
12	69	0
13	77	0
14	92	0
15	111	0
16	131	0
17	149	0
18	165	0
19	177	0
20	183	0
21	183	0
22	177	0
23	167	0
24	152	0
25	136	0
26	119	0
27	105	0
28	96	0
29	89	0
30	88	0
31	91	0
32	97	0
33	108	0
34	119	0
35	131	0
36	143	0
37	151	0
38	157	0
39	159	0
40	158	0
41	155	0
42	147	0
43	140	0
44	132	0
45	123	0
46	117	0
47	112	0
48	109	0
49	108	0
50	110	0
51	113	0
52	119	0
53	124	0
54	131	0
55	137	0
56	143	0
57	147	0
58	149	0
59	149	0
60	147	0
61	143	0
62	137	0
63	131	0
64	123	0
65	115	0
66	109	0
67	105	0
68	104	0
69	104	0
70	108	0
71	113	0
72	123	0
73	133	0
74	144	0
75	154	0
76	161	0
77	167	0
78	167	0
79	163	0
80	155	0
81	144	0
82	129	0
83	115	0
84	101	0
85	89	0
86	81	0
87	79	0
88	81	0
89	91	0
90	105	0
91	121	0
92	140	0
93	158	0
94	173	0
95	185	0
96	189	0
97	188	0
98	179	0
99	165	0
100	148	0
101	127	0
102	106	0
103	87	0
104	75	0
105	67	0
106	65	0
107	73	0
108	85	0
109	103	0
110	123	0
111	144	0
112	162	0
113	177	0
114	187	0
115	189	0
116	185	0
117	176	0
118	161	0
119	143	0
120	124	0
121	107	0
122	93	0
123	84	0
124	80	0
125	81	0
126	87	0
127	99	0
128	112	0
129	127	0
130	141	0
131	153	0
132	161	0
133	165	0
134	165	0
135	163	0
136	155	0
137	147	0
138	136	0
139	125	0
140	116	0
141	109	0
142	105	0
143	104	0
144	105	0
145	109	0
146	115	0
147	121	0
148	129	0
149	136	0
150	141	0
151	147	0
152	149	0
153	149	0
154	147	0
155	143	0
156	139	0
157	133	0
158	127	0
159	119	0
160	115	0
161	111	0
162	108	0
163	108	0
164	111	0
165	115	0
166	123	0
167	129	0
168	139	0
169	147	0
170	153	0
171	159	0
172	161	0
173	157	0
174	153	0
175	144	0
176	133	0
177	121	0
178	109	0
179	99	0
180	91	0
181	87	0
182	87	0
183	93	0
184	104	0
185	117	0
186	133	0
187	149	0
188	164	0
189	176	0
190	183	0
191	185	0
192	179	0
193	168	0
194	152	0
195	133	0
196	113	0
197	95	0
198	80	0
199	69	0
200	67	0
201	70	0
202	80	0
203	97	0
204	116	0
205	137	0
206	157	0
207	175	0
208	187	0
209	192	0
210	192	0
211	183	0
212	169	0
213	151	0
214	131	0
215	111	0
216	93	0
217	81	0
218	75	0
219	73	0
220	79	0
221	89	0
222	104	0
223	121	0
224	137	0
225	153	0
226	164	0
227	172	0
228	175	0
229	171	0
230	164	0
231	153	0
232	141	0
233	129	0
234	116	0
235	108	0
236	101	0
237	97	0
238	97	0
239	103	0
240	108	0
241	117	0
242	127	0
243	135	0
244	141	0
245	147	0
246	151	0
247	151	0
248	150	0
249	147	0
250	141	0
251	135	0
252	128	0
253	122	0
254	117	0
255	112	0
256	111	0
257	111	0
258	112	0
259	116	0
260	121	0
261	128	0
262	135	0
263	141	0
264	147	0
265	152	0
266	153	0
267	153	0
268	149	0
269	143	0
270	136	0
271	127	0
272	116	0
273	107	0
274	100	0
275	95	0
276	93	0
277	97	0
278	105	0
279	115	0
280	128	0
281	141	0
282	155	0
283	167	0
284	175	0
285	177	0
286	175	0
287	167	0
288	155	0
289	139	0
290	121	0
291	103	0
292	88	0
293	76	0
294	71	0
295	73	0
296	79	0
297	92	0
298	109	0
299	129	0
300	151	0
301	169	0
302	183	0
303	192	0
304	193	0
305	187	0
306	175	0
307	159	0
308	137	0
309	117	0
310	97	0
311	81	0
312	72	0
313	68	0
314	71	0
315	81	0
316	95	0
317	113	0
318	132	0
319	150	0
320	165	0
321	176	0
322	181	0
323	180	0
324	173	0
325	163	0
326	149	0
327	133	0
328	119	0
329	105	0
330	96	0
331	91	0
332	91	0
333	93	0
334	101	0
335	111	0
336	121	0
337	132	0
338	143	0
339	149	0
340	155	0
341	157	0
342	155	0
343	152	0
344	145	0
345	139	0
346	131	0
347	123	0
348	117	0
349	112	0
350	109	0
351	109	0
352	111	0
353	115	0
354	120	0
355	125	0
356	132	0
357	139	0
358	143	0
359	147	0
360	149	0
361	149	0
362	147	0
363	143	0
364	137	0
365	129	0
366	121	0
367	114	0
368	107	0
369	104	0
370	101	0
371	103	0
372	107	0
373	115	0
374	124	0
375	136	0
376	147	0
377	157	0
378	165	0
379	169	0
380	169	0
381	164	0
382	155	0
383	142	0
384	129	0
385	112	0
386	97	0
387	85	0
388	78	0
389	76	0
390	80	0
391	91	0
392	105	0
393	123	0
394	143	0
395	161	0
396	176	0
397	187	0
398	191	0
399	188	0
400	179	0
401	164	0
402	145	0
403	124	0
404	103	0
405	85	0
406	73	0
407	67	0
408	67	0
409	75	0
410	87	0
411	105	0
412	125	0
413	145	0
414	164	0
415	177	0
416	187	0
417	187	0
418	183	0
419	172	0
420	157	0
421	141	0
422	123	0
423	107	0
424	93	0
425	85	0
426	82	0
427	84	0
428	91	0
429	101	0
430	115	0
431	129	0
432	141	0
433	152	0
434	160	0
435	163	0
436	163	0
437	159	0
438	152	0
439	144	0
440	135	0
441	125	0
442	117	0
443	111	0
444	107	0
445	105	0
446	107	0
447	111	0
448	116	0
449	123	0
450	131	0
451	136	0
452	143	0
453	146	0
454	148	0
455	148	0
456	147	0
457	143	0
458	139	0
459	132	0
460	125	0
461	119	0
462	113	0
463	109	0
464	107	0
465	107	0
466	109	0
467	115	0
468	123	0
469	131	0
470	140	0
471	149	0
472	156	0
473	160	0
474	163	0
475	160	0
476	153	0
477	144	0
478	132	0
479	119	0
480	107	0
481	96	0
482	87	0
483	83	0
484	85	0
485	92	0
486	103	0
487	119	0
488	135	0
489	153	0
490	168	0
491	179	0
492	185	0
493	187	0
494	180	0
495	168	0
496	151	0
497	131	0
498	111	0
499	92	0
500	77	0
501	69	0
502	65	0
503	71	0
504	81	0
505	99	0
506	117	0
507	139	0
508	159	0
509	176	0
510	187	0
511	191	0
512	189	0
513	181	0
514	167	0
515	148	0
516	129	0
517	110	0
518	93	0
519	81	0
520	76	0
521	76	0
522	81	0
523	92	0
524	107	0
525	123	0
526	139	0
527	152	0
528	163	0
529	169	0
530	172	0
531	168	0
532	161	0
533	151	0
534	139	0
535	127	0
536	116	0
537	108	0
538	103	0
539	99	0
540	101	0
541	105	0
542	111	0
543	119	0
544	127	0
545	135	0
546	141	0
547	147	0
548	149	0
549	149	0
550	149	0
551	145	0
552	140	0
553	133	0
554	127	0
555	121	0
556	116	0
557	112	0
558	110	0
559	109	0
560	112	0
561	116	0
562	121	0
563	128	0
564	136	0
565	143	0
566	149	0
567	153	0
568	156	0
569	154	0
570	151	0
571	144	0
572	135	0
573	125	0
574	115	0
575	104	0
576	97	0
577	92	0
578	92	0
579	95	0
580	104	0
581	115	0
582	129	0
583	144	0
584	159	0
585	171	0
586	177	0
587	181	0
588	177	0
589	168	0
590	155	0
591	137	0
592	119	0
593	101	0
594	85	0
595	75	0
596	69	0
597	71	0
598	79	0
599	93	0
600	111	0
601	132	0
602	153	0
603	171	0
604	184	0
605	192	0
606	193	0
607	186	0
608	173	0
609	155	0
610	136	0
611	115	0
612	97	0
613	81	0
614	72	0
615	69	0
616	73	0
617	84	0
618	99	0
619	116	0
620	134	0
621	151	0
622	165	0
623	175	0
624	179	0
625	177	0
626	171	0
627	159	0
628	145	0
629	132	0
630	119	0
631	106	0
632	97	0
633	93	0
634	93	0
635	97	0
636	104	0
637	113	0
638	123	0
639	133	0
640	143	0
641	149	0
642	153	0
643	155	0
644	153	0
645	149	0
646	144	0
647	137	0
648	129	0
649	123	0
650	117	0
651	113	0
652	111	0
653	110	0
654	111	0
655	115	0
656	121	0
657	127	0
658	133	0
659	139	0
660	145	0
661	149	0
662	151	0
663	151	0
664	148	0
665	143	0
666	137	0
667	128	0
668	120	0
669	112	0
670	105	0
671	101	0
672	99	0
673	101	0
674	107	0
675	115	0
676	125	0
677	137	0
678	149	0
679	160	0
680	168	0
681	172	0
682	171	0
683	165	0
684	156	0
685	141	0
686	125	0
687	109	0
688	95	0
689	82	0
690	75	0
691	75	0
692	79	0
693	91	0
694	107	0
695	125	0
696	145	0
697	163	0
698	179	0
699	189	0
700	192	0
701	188	0
702	179	0
703	163	0
704	143	0
705	121	0
706	101	0
707	84	0
708	72	0
709	67	0
710	68	0
711	76	0
712	91	0
713	108	0
714	128	0
715	148	0
716	164	0
717	177	0
718	185	0
719	185	0
720	180	0
721	169	0
722	155	0
723	137	0
724	121	0
725	107	0
726	95	0
727	87	0
728	85	0
729	87	0
730	94	0
731	105	0
732	117	0
733	130	0
734	141	0
735	151	0
736	159	0
737	161	0
738	160	0
739	156	0
740	149	0
741	141	0
742	133	0
743	124	0
744	117	0
745	112	0
746	108	0
747	107	0
748	109	0
749	113	0
750	117	0
751	124	0
752	131	0
753	137	0
754	143	0
755	145	0
756	148	0
757	148	0
758	147	0
759	143	0
760	137	0
761	131	0
762	124	0
763	117	0
764	112	0
765	107	0
766	105	0
767	105	0
768	109	0
769	115	0
770	123	0
771	132	0
772	143	0
773	151	0
774	159	0
775	163	0
776	165	0
777	161	0
778	154	0
779	143	0
780	131	0
781	117	0
782	104	0
783	92	0
784	84	0
785	81	0
786	84	0
787	91	0
788	104	0
789	120	0
790	137	0
791	155	0
792	171	0
793	182	0
794	188	0
795	187	0
796	179	0
797	167	0
798	149	0
799	129	0
800	108	0
801	89	0
802	76	0
803	67	0
804	66	0
805	71	0
806	83	0
807	101	0
808	121	0
809	141	0
810	161	0
811	177	0
812	187	0
813	191	0
814	187	0
815	177	0
816	164	0
817	145	0
818	127	0
819	108	0
820	93	0
821	83	0
822	78	0
823	79	0
824	85	0
825	95	0
826	109	0
827	125	0
828	140	0
829	153	0
830	163	0
831	168	0
832	168	0
833	165	0
834	159	0
835	149	0
836	137	0
837	126	0
838	116	0
839	109	0
840	104	0
841	101	0
842	103	0
843	107	0
844	113	0
845	121	0
846	128	0
847	135	0
848	141	0
849	147	0
850	149	0
851	149	0
852	147	0
853	144	0
854	139	0
855	133	0
856	127	0
857	121	0
858	115	0
859	111	0
860	109	0
861	109	0
862	111	0
863	116	0
864	121	0
865	129	0
866	137	0
867	145	0
868	151	0
869	156	0
870	157	0
871	156	0
872	151	0
873	144	0
874	134	0
875	123	0
876	112	0
877	101	0
878	93	0
879	89	0
880	89	0
881	95	0
882	104	0
883	116	0
884	131	0
885	147	0
886	161	0
887	173	0
888	180	0
889	182	0
890	177	0
891	169	0
892	153	0
893	135	0
894	116	0
895	97	0
896	83	0
897	72	0
898	68	0
899	70	0
900	79	0
901	93	0
902	113	0
903	135	0
904	155	0
905	172	0
906	185	0
907	192	0
908	192	0
909	185	0
910	172	0
911	153	0
912	133	0
913	113	0
914	95	0
915	81	0
916	73	0
917	71	0
918	76	0
919	86	0
920	101	0
921	117	0
922	135	0
923	152	0
924	165	0
925	173	0
926	177	0
927	175	0
928	167	0
929	157	0
930	144	0
931	131	0
932	117	0
933	107	0
934	99	0
935	95	0
936	97	0
937	100	0
938	107	0
939	115	0
940	125	0
941	133	0
942	143	0
943	148	0
944	152	0
945	153	0
946	152	0
947	148	0
948	143	0
949	136	0
950	129	0
951	123	0
952	116	0
953	113	0
954	111	0
955	111	0
956	112	0
957	115	0
958	121	0
959	127	0
960	133	0
961	140	0
962	145	0
963	149	0
964	152	0
965	151	0
966	149	0
967	144	0
968	136	0
969	127	0
970	118	0
971	109	0
972	103	0
973	97	0
974	97	0
975	99	0
976	105	0
977	115	0
978	127	0
979	140	0
980	153	0
981	163	0
982	171	0
983	175	0
984	173	0
985	168	0
986	155	0
987	141	0
988	123	0
989	107	0
990	91	0
991	79	0
992	73	0
993	73	0
994	79	0
995	91	0
996	108	0
997	127	0
998	147	0
999	165	0
